$ 0 0.000005 1.0312258501325766 50 5 50
x 173 138 188 141 4 24 0
x 173 164 188 167 4 24 1
x 173 198 188 201 4 24 2
x 174 235 189 238 4 24 3
x 174 269 189 272 4 24 4
x 172 304 187 307 4 24 5
x 171 365 186 368 4 24 7
x 171 334 186 337 4 24 6
x 170 394 185 397 4 24 8
x 169 425 184 428 4 24 9
L 256 416 208 416 0 0 false 5 0
L 256 384 208 384 0 0 false 5 0
L 256 352 208 352 0 0 false 5 0
L 256 320 208 320 0 0 false 5 0
L 256 288 208 288 0 0 false 5 0
L 256 256 208 256 0 0 false 5 0
L 256 224 208 224 0 0 false 5 0
L 256 192 208 192 0 0 false 5 0
L 256 160 208 160 0 0 false 5 0
L 256 128 208 128 0 0 false 5 0
M 736 160 800 160 0 2.5
M 736 224 800 224 0 2.5
M 736 304 800 304 0 2.5
M 736 368 800 368 0 2.5
x 828 171 843 174 4 24 1
x 827 231 842 234 4 24 2
x 827 308 842 311 4 24 4
x 833 375 848 378 4 24 8
152 432 416 560 416 0 2 0 5
w 256 384 432 400 0
w 256 416 432 432 0
w 560 416 736 368 0
152 416 320 528 320 0 4 0 5
w 528 320 736 304 0
w 416 352 256 352 0
w 256 320 416 336 0
w 256 288 416 304 0
152 448 224 528 224 0 4 0 5
w 256 256 416 288 0
w 256 224 448 208 0
w 256 192 448 192 0
w 528 224 736 224 0
w 256 320 448 240 0
w 256 352 448 256 0
152 528 144 672 144 0 5 0 5
w 672 144 736 160 0
w 256 160 528 112 0
w 256 224 528 128 0
w 256 288 528 144 0
w 256 352 528 160 0
w 256 416 528 176 0
