http://tinyurl.com/y25j49yd

$ 0 0.000005 1.0312258501325766 50 5 50
L 112 64 112 16 0 1 false 5 0
L 144 96 144 16 0 0 false 5 0
L 176 64 176 16 0 1 false 5 0
w 112 64 112 176 0
w 176 64 176 128 0
x 101 650 182 653 4 24 A\s\sB\s\sC
w 112 64 272 64 0
w 144 96 144 208 0
w 144 96 272 96 0
w 176 128 176 240 0
w 176 128 272 128 0
I 272 64 384 64 0 0.5 5
I 272 96 384 96 0 0.5 5
I 272 128 480 128 0 0.5 5
w 480 128 480 112 0
w 112 176 112 288 0
w 480 240 480 224 0
I 272 176 384 176 0 0.5 5
w 176 240 480 240 0
w 144 208 384 208 0
w 112 176 272 176 0
w 176 240 176 352 0
w 144 208 144 320 0
w 112 288 272 288 0
w 144 320 384 320 0
w 176 352 272 352 0
I 272 288 384 288 0 0.5 5
w 480 352 480 336 0
w 112 288 112 400 0
w 144 320 144 432 0
w 176 352 176 464 0
I 272 352 480 352 0 0.5 5
I 272 464 480 464 0 0.5 5
w 480 464 480 448 0
I 272 432 384 432 0 0.5 5
w 176 464 272 464 0
w 144 432 272 432 0
w 112 400 384 400 0
w 176 464 176 576 0
w 144 432 144 544 0
w 112 400 112 512 0
w 112 512 384 512 0
w 144 544 384 544 0
w 176 576 272 576 0
w 480 576 480 560 0
I 272 576 480 576 0 0.5 5
w 112 512 112 608 0
w 144 544 144 608 0
w 176 576 176 608 0
w 608 544 608 464 0
w 608 96 608 176 0
152 608 192 832 192 0 2 0 5
w 608 320 832 320 0
w 832 192 832 288 0
152 832 304 992 304 0 2 0 5
152 608 448 992 448 0 2 0 5
w 992 448 992 336 0
152 992 320 1216 320 0 2 0 5
M 1216 320 1408 320 0 2.5
150 384 80 480 80 0 2 0 5
150 480 96 608 96 0 2 0 5
150 384 192 480 192 0 2 0 5
150 480 208 608 208 0 2 0 5
150 384 304 480 304 0 2 0 5
150 480 320 608 320 0 2 0 5
150 384 416 480 416 0 2 5 5
150 480 432 608 432 0 2 0 5
150 384 528 480 528 0 2 0 5
150 480 544 608 544 0 2 0 5
L 768 -96 768 -176 0 1 false 5 0
L 832 -96 832 -176 0 1 false 5 0
L 800 -96 800 -176 0 0 false 5 0
w 768 -96 768 48 0
w 800 -96 800 -64 0
w 832 -96 832 -32 0
x 762 85 843 88 4 24 A\s\sB\s\sC
150 1040 -80 1168 -80 0 2 0 5
w 768 -96 928 -96 0
w 800 -64 1040 -64 0
I 928 -96 1040 -96 0 0.5 5
w 800 -64 800 48 0
w 832 -32 832 0 0
w 832 0 832 48 0
w 832 -32 1040 -32 0
I 1040 -32 1168 -32 0 0.5 5
152 1168 -48 1328 -48 0 2 0 5
M 1328 -48 1440 -48 0 2.5
w 1168 -80 1168 -64 0
