$ 0 0.000005 1.0312258501325766 48 5 50
L 400 256 288 256 0 1 false 5 0
L 368 224 288 224 0 0 false 5 0
154 512 240 640 240 0 2 5 5
w 400 144 400 256 0
w 368 112 368 224 0
w 368 224 512 224 0
w 400 256 512 256 0
M 896 224 1136 224 0 2.5
150 432 128 576 128 0 2 0 5
M 960 144 1136 144 0 2.5
L 544 48 288 48 0 1 false 5 0
w 544 48 768 48 0
w 640 176 656 176 0
150 656 160 768 160 0 2 5 5
w 368 112 432 112 0
w 400 144 432 144 0
154 768 224 896 224 0 2 0 5
w 768 48 768 208 0
w 640 176 640 240 0
w 768 240 640 240 0
w 656 144 624 80 0
w 624 80 544 48 0
w 576 128 816 128 0
w 816 160 768 160 0
154 816 144 960 144 0 2 5 5
