$ 16 0.0000049999999999999996 6.450009306485578 40 5 50
w 1408 -416 1296 -416 0
w 1296 -608 1408 -608 0
w 1216 -320 1472 -320 0
w 1216 -464 1216 -320 0
w 1168 -464 1216 -464 0
w 1168 -288 1168 -400 0
w 1504 -288 1168 -288 0
w 1504 -320 1504 -288 0
w 1632 -320 1536 -320 0
x 1671 -855 1786 -852 4 16 AUMENTAR\s\q\sL
w 448 -608 528 -608 0
w 448 -608 448 -592 0
w 416 -592 416 -640 0
w 544 -640 416 -640 0
w 544 -640 544 -592 0
153 432 -592 432 -496 0 2 0 5
w 800 -464 432 -464 0
153 624 -496 720 -496 0 2 0 5
w 1632 -816 1632 -320 0
w 1408 -480 1296 -480 0
w 1296 -576 1408 -576 0
x 1231 -255 1304 -252 4 12 DECIMAL\s\q\s7
x 1096 -507 1170 -504 4 12 UNIDADE\s\q\s0
w 1024 -480 1024 -448 0
w 896 -480 1024 -480 0
w 1024 -448 1088 -448 0
150 1088 -464 1168 -464 0 2 0 5
w 1088 -640 1088 -560 0
w 1360 -640 1088 -640 0
w 1328 -752 1328 -880 0
w 1344 -848 1344 -752 0
w 1376 -752 1376 -816 0
w 1392 -752 1392 -784 0
153 1360 -752 1360 -640 0 4 5 5
x 998 -431 1071 -428 4 12 DECIMAL\s\q\s0
150 800 -480 896 -480 0 2 0 5
w 720 -496 800 -496 0
w 576 -480 624 -480 0
w 624 -880 624 -512 0
w 576 -784 576 -480 0
w 1568 -880 1520 -880 0
w 1568 -608 1568 -880 0
w 528 -400 752 -400 0
w 528 -496 528 -400 0
184 1408 -608 1440 -608 0 3
150 528 -592 528 -496 0 3 5 5
w 512 -784 512 -592 0
w 544 -848 544 -640 0
w 1088 -1040 1088 -1136 0
w 1088 -1040 1264 -1040 0
w 1360 -1232 1152 -1232 0
w 1360 -1104 1360 -1232 0
w 752 -1232 752 -1104 0
w 1056 -1232 752 -1232 0
184 1056 -1232 1088 -1232 1024 1
w 1328 -928 1328 -1008 0
w 1392 -928 1392 -1008 0
w 1456 -1216 1296 -1216 0
150 1296 -1200 1152 -1200 0 2 0 5
w 1456 -928 1456 -1216 0
w 1296 -928 1296 -1184 0
w 1328 -928 1296 -928 0
w 1392 -928 1456 -928 0
x 1668 -884 1770 -881 4 16 DIMINUIR\s\q\sH
x 1903 -1037 1983 -1034 4 24 RESET
L 1920 -1008 1984 -1008 0 0 false 5 0
w 1632 -816 1520 -816 0
w 1632 -960 1632 -816 0
w 1264 -960 1632 -960 0
w 1264 -1040 1264 -960 0
w 752 -1040 1088 -1040 0
w 1920 -784 1920 -1008 0
w 1520 -784 1920 -784 0
w 752 -1008 1920 -1008 0
153 1360 -1008 1360 -1104 0 4 5 5
w 1376 -816 1376 -1008 0
w 1344 -848 1344 -1008 0
197 624 -880 640 -880 0
w 576 -848 624 -848 0
w 576 -816 624 -816 0
w 576 -784 624 -784 0
w 752 -880 832 -880 0
w 752 -848 832 -848 0
w 752 -816 832 -816 0
w 752 -784 832 -784 0
w 752 -752 896 -752 0
w 752 -720 928 -720 0
w 928 -752 928 -720 0
w 960 -752 960 -688 0
w 960 -688 752 -688 0
w 576 -880 624 -880 0
157 960 -880 1104 -880 1024 7 0 0
197 1184 -880 1200 -880 1024
w 1120 -880 1184 -880 0
w 1120 -848 1184 -848 0
w 1120 -816 1184 -816 0
w 1120 -784 1184 -784 0
w 1056 -752 1184 -752 0
w 1024 -752 1024 -720 0
w 1184 -720 1024 -720 0
w 992 -688 1184 -688 0
w 992 -688 992 -752 0
164 1424 -880 1584 -880 1028 4 0 0 0 0 false 10
w 1312 -880 1328 -880 0
w 1312 -848 1344 -848 0
w 1312 -816 1376 -816 0
w 1312 -784 1392 -784 0
157 832 -880 880 -880 0 7 0 0
w 1328 -880 1328 -928 0
w 1392 -784 1392 -928 0
w 1328 -880 1424 -880 0
L 1632 -816 1712 -816 0 0 false 5 0
w 1392 -784 1424 -784 0
164 656 -1104 816 -1104 1028 4 0 5 5 5 false 8
w 656 -1104 576 -1104 0
w 576 -1104 576 -880 0
w 576 -784 512 -784 0
w 480 -1008 656 -1008 0
w 656 -1040 512 -1040 0
w 512 -816 528 -816 0
w 656 -1072 544 -1072 0
w 544 -848 576 -848 0
w 1376 -816 1424 -816 0
w 1344 -848 1424 -848 0
w 480 -784 480 -1008 0
w 512 -1040 512 -816 0
w 544 -1072 544 -848 0
x 950 -1340 1420 -1337 4 48 CIRCUITO\sLOTAÇÃO
g 1408 -544 1392 -544 0
g 1408 -512 1392 -512 0
g 1408 -448 1392 -448 0
g 1408 -384 1392 -384 0
w 1296 -416 1296 -480 0
w 1296 -576 1296 -608 0
w 1296 -480 1296 -528 0
w 1296 -528 1296 -576 0
w 432 -464 432 -496 0
w 512 -784 480 -784 0
w 528 -816 576 -816 0
w 528 -816 528 -608 0
x 900 -911 1050 -908 4 48 TOTAL
w 528 -608 528 -592 0
R 1296 -528 1248 -528 1 2 1000 2.5 2.5 0 0.5
x 1152 -548 1280 -545 4 16 INPUT\sPESSOAS
s 2480 -1376 2480 -1296 0 1 false
s 2512 -1376 2512 -1296 0 1 false
s 2576 -1376 2576 -1296 0 1 false
s 2544 -1376 2544 -1296 0 1 false
s 2608 -1376 2608 -1296 0 1 false
w 2480 -1376 2512 -1376 0
w 2512 -1376 2544 -1376 0
w 2544 -1376 2576 -1376 0
w 2576 -1376 2608 -1376 0
w 2736 -1376 2768 -1376 0
w 2704 -1376 2736 -1376 0
w 2672 -1376 2704 -1376 0
w 2640 -1376 2672 -1376 0
s 2768 -1376 2768 -1296 0 1 false
s 2704 -1376 2704 -1296 0 1 false
s 2736 -1376 2736 -1296 0 1 false
s 2672 -1376 2672 -1296 0 1 false
s 2640 -1376 2640 -1296 0 1 false
w 2608 -1376 2640 -1376 0
w 2960 -1376 2992 -1376 0
s 2992 -1376 2992 -1296 0 1 false
s 3024 -1376 3024 -1296 0 1 false
s 3088 -1376 3088 -1296 0 1 false
s 3056 -1376 3056 -1296 0 1 false
s 3120 -1376 3120 -1296 0 1 false
w 2992 -1376 3024 -1376 0
w 3024 -1376 3056 -1376 0
w 3056 -1376 3088 -1376 0
w 3088 -1376 3120 -1376 0
w 2928 -1376 2960 -1376 0
w 2896 -1376 2928 -1376 0
w 2864 -1376 2896 -1376 0
w 2832 -1376 2864 -1376 0
s 2960 -1376 2960 -1296 0 1 false
s 2896 -1376 2896 -1296 0 1 false
s 2928 -1376 2928 -1296 0 1 false
s 2864 -1376 2864 -1296 0 1 false
s 2832 -1376 2832 -1296 0 1 false
w 3296 -1376 3328 -1376 0
s 3328 -1376 3328 -1296 0 1 false
s 3360 -1376 3360 -1296 0 1 false
s 3424 -1376 3424 -1296 0 1 false
s 3392 -1376 3392 -1296 0 1 false
s 3456 -1376 3456 -1296 0 1 false
w 3328 -1376 3360 -1376 0
w 3360 -1376 3392 -1376 0
w 3392 -1376 3424 -1376 0
w 3424 -1376 3456 -1376 0
w 3264 -1376 3296 -1376 0
w 3232 -1376 3264 -1376 0
w 3200 -1376 3232 -1376 0
w 3168 -1376 3200 -1376 0
s 3296 -1376 3296 -1296 0 1 false
s 3232 -1376 3232 -1296 0 1 false
s 3264 -1376 3264 -1296 0 1 false
s 3200 -1376 3200 -1296 0 1 false
s 3168 -1376 3168 -1296 0 1 false
s 3504 -1376 3504 -1296 0 1 false
s 3536 -1376 3536 -1296 0 1 false
s 3600 -1376 3600 -1296 0 1 false
s 3568 -1376 3568 -1296 0 1 false
s 3632 -1376 3632 -1296 0 1 false
w 3504 -1376 3536 -1376 0
w 3536 -1376 3568 -1376 0
w 3568 -1376 3600 -1376 0
w 3600 -1376 3632 -1376 0
w 3760 -1376 3792 -1376 0
w 3728 -1376 3760 -1376 0
w 3696 -1376 3728 -1376 0
w 3664 -1376 3696 -1376 0
s 3792 -1376 3792 -1296 0 1 false
s 3728 -1376 3728 -1296 0 1 false
s 3760 -1376 3760 -1296 0 1 false
s 3696 -1376 3696 -1296 0 1 false
s 3664 -1376 3664 -1296 0 1 false
w 3632 -1376 3664 -1376 0
w 3120 -1376 3168 -1376 0
w 3456 -1376 3504 -1376 0
w 2768 -1376 2832 -1376 0
L 2480 -1376 2400 -1376 0 1 false 5 0
x 3058 -1416 3260 -1413 4 48 BANCOS
195 2512 -608 2544 -608 2048
w 2480 -1296 2480 -576 0
w 2480 -576 2512 -576 0
w 2512 -608 2512 -1296 0
w 2608 -640 2544 -640 0
w 2544 -640 2544 -1296 0
197 3184 -624 3200 -624 0
w 2608 -576 3184 -528 0
w 2704 -608 3184 -560 0
157 3376 -624 3424 -624 0 7 0 0
w 3376 -624 3312 -624 0
w 3312 -592 3376 -592 0
w 3312 -560 3376 -560 0
w 3312 -528 3376 -528 0
w 3312 -496 3440 -496 0
w 3472 -496 3472 -464 0
w 3472 -464 3312 -464 0
w 3312 -432 3504 -432 0
w 3504 -432 3504 -496 0
w 2704 -672 2576 -672 0
w 2576 -672 2576 -1296 0
w 2640 -736 2640 -1296 0
w 2704 -736 2640 -736 0
w 2608 -704 2608 -1296 0
w 2704 -704 2608 -704 0
w 2800 -640 3184 -592 0
195 2608 -640 2640 -640 2048
195 2704 -672 2736 -672 2048
w 752 -400 1168 -400 0
w 752 -400 752 -560 0
w 752 -560 960 -560 0
w 1088 -560 992 -560 0
150 976 -560 976 -640 0 2 4.999999999999999 5
162 976 -640 880 -640 2 default-led 1 0 0 0.01
g 880 -640 864 -640 0
w 1088 -560 1088 -480 0
