$ 16 0.0000049999999999999996 6.450009306485578 40 5 50
R -1904 -944 -1968 -944 0 0 40 5 0 0 0.5
s -1760 -944 -1760 -784 0 0 false
s -1904 -944 -1904 -784 0 0 false
s -1856 -944 -1856 -784 0 0 false
s -1808 -944 -1808 -784 0 0 false
x -1917 -957 -1901 -954 4 24 A
x -1862 -956 -1846 -953 4 24 B
x -1818 -956 -1801 -953 4 24 C
x -1771 -957 -1754 -954 4 24 D
w -1904 -944 -1856 -944 0
w -1856 -944 -1808 -944 0
w -1808 -944 -1760 -944 0
154 -1392 -208 -1296 -208 0 2 0 5
154 -1392 -144 -1296 -144 0 2 0 5
w -1904 -224 -1392 -224 0
w -1632 -192 -1392 -192 0
w -1856 -160 -1392 -160 0
w -1584 -128 -1392 -128 0
w -1856 -784 -1856 -656 0
w -1808 -784 -1808 -624 0
w -1760 -784 -1760 -592 0
I -1296 -208 -1200 -208 0 0.5 5
I -1296 -144 -1200 -144 0 0.5 5
150 -1168 -112 -1072 -112 0 4 5 5
w -1904 -784 -1904 -688 0
x -1945 -990 -1735 -987 4 24 ID\sCONFIGURADO
x -1653 -991 -1401 -988 4 24 ONIBUS\sQUE\sPASSAR
w -1584 -944 -1536 -944 0
w -1632 -944 -1584 -944 0
x -1542 -957 -1525 -954 4 24 C
x -1589 -956 -1573 -953 4 24 B
x -1633 -956 -1617 -953 4 24 A
s -1584 -944 -1584 -784 0 0 false
s -1632 -944 -1632 -784 0 0 false
s -1536 -944 -1536 -784 0 0 false
s -1488 -944 -1488 -784 0 0 false
x -1494 -957 -1477 -954 4 24 D
w -1536 -944 -1488 -944 0
w -1632 -784 -1632 -192 0
w -1488 -784 -1488 0 0
w -1536 -784 -1536 -64 0
w -1584 -784 -1584 -128 0
154 -1392 -16 -1296 -16 0 2 0 5
154 -1392 -80 -1296 -80 0 2 0 5
I -1296 -16 -1200 -16 0 0.5 5
I -1296 -80 -1200 -80 0 0.5 5
w -1200 -208 -1168 -144 0
w -1200 -144 -1168 -128 0
w -1168 -96 -1200 -80 0
w -1168 -80 -1200 -16 0
w -1392 -96 -1808 -96 0
w -1536 -64 -1392 -64 0
w -1392 -32 -1760 -32 0
w -1392 0 -1488 0 0
x -559 -1113 -298 -1110 4 24 TIMER\sCONFIGURADO
w -1904 -688 -1904 -224 0
w -1856 -656 -1856 -160 0
w -1808 -624 -1808 -96 0
w -1760 -592 -1760 -32 0
197 -496 -848 -480 -848 0
w -544 -816 -496 -816 0
w -544 -784 -496 -784 0
w -544 -752 -496 -752 0
w -368 -848 -288 -848 0
w -368 -816 -288 -816 0
w -368 -784 -288 -784 0
w -368 -752 -288 -752 0
w -368 -720 -224 -720 0
w -368 -688 -192 -688 0
w -192 -720 -192 -688 0
w -160 -720 -160 -656 0
w -160 -656 -368 -656 0
w -544 -848 -496 -848 0
157 -160 -848 -16 -848 1024 7 0 0
197 64 -848 80 -848 1024
w 0 -848 64 -848 0
w 0 -816 64 -816 0
w 0 -784 64 -784 0
w 0 -752 64 -752 0
w -64 -720 64 -720 0
w -96 -720 -96 -688 0
w 64 -688 -96 -688 0
w -128 -656 64 -656 0
w -128 -656 -128 -720 0
164 304 -848 464 -848 1028 4 0 0 0 0 false 10
w 192 -848 224 -848 0
w 192 -816 240 -816 0
w 192 -784 272 -784 0
w 192 -752 256 -752 0
R 400 -848 496 -848 1 2 200 2.5 2.5 0 0.5
w 400 -752 400 -592 0
w -1072 -112 -768 -112 0
w -768 -592 400 -592 0
R -1488 -944 -1424 -944 0 0 40 5 0 0 0.5
157 -288 -848 -240 -848 0 7 0 0
w 224 -848 224 -912 0
w 256 -752 256 -912 0
w 224 -848 304 -848 0
L 400 -784 480 -784 0 1 false 5 0
w 256 -752 304 -752 0
164 -464 -1072 -304 -1072 1028 4 0 0 0 0 false 3
L -368 -1008 -304 -1008 0 1 false 5 0
w 240 -1008 -368 -1072 0
w -464 -1072 -544 -1072 0
w -544 -1072 -544 -848 0
w -544 -752 -640 -752 0
w -640 -976 -464 -976 0
w -464 -1008 -608 -1008 0
w -608 -784 -544 -784 0
w -464 -1040 -576 -1040 0
w -576 -816 -544 -816 0
150 240 -912 240 -1008 0 2 0 5
w -768 -112 -768 -592 0
w 224 -848 224 -496 0
w 240 -816 240 -480 0
w 272 -784 272 -448 0
w 272 -784 304 -784 0
w 240 -816 304 -816 0
w -608 -784 -608 -464 0
w -576 -816 -576 -480 0
w -544 -848 -544 -496 0
w -208 -448 -640 -448 0
w -80 -448 272 -448 0
w -96 -448 -96 -464 0
w -96 -464 256 -464 0
w -112 -448 -112 -480 0
w -112 -480 240 -480 0
w -128 -448 -128 -496 0
w -128 -496 224 -496 0
w -192 -448 -192 -464 0
w -192 -464 -608 -464 0
w -176 -448 -176 -480 0
w -176 -480 -576 -480 0
w -160 -448 -160 -496 0
w -160 -496 -544 -496 0
w -144 -304 -144 -112 0
153 -144 -448 -144 -304 0 8 5 5
x -104 -208 26 -205 4 24 ATRASADO
w -640 -752 -640 -448 0
w -768 -592 -768 -912 0
w -768 -912 -368 -912 0
w -368 -912 -368 -976 0
w -640 -752 -640 -976 0
w -608 -1008 -608 -784 0
w -576 -1040 -576 -816 0
w 256 -752 256 -464 0
w 944 -1248 944 32 0
x -943 -1333 -252 -1330 4 48 CIRCUITO\sPONTO\sDE\sÔNIBUS
x 1821 -1294 2291 -1291 4 48 CIRCUITO\sLOTAÇÃO
197 64 64 80 64 1024
w 1584 -1024 1584 -800 0
w 1552 -992 1552 -768 0
w 1520 -736 1520 -960 0
w 2384 -800 2464 -800 0
w 2416 -768 2464 -768 0
w 1584 -800 1616 -800 0
w 1696 -1024 1584 -1024 0
w 1552 -768 1616 -768 0
w 1696 -992 1552 -992 0
w 1520 -960 1696 -960 0
w 1616 -736 1520 -736 0
w 1616 -1056 1616 -832 0
w 1696 -1056 1616 -1056 0
164 1696 -1056 1856 -1056 1028 4 0 0 0 0 false 7
w 2432 -736 2464 -736 0
L 2672 -768 2752 -768 0 1 false 5 0
w 2368 -832 2464 -832 0
w 2432 -736 2432 -880 0
w 2368 -832 2368 -880 0
157 1872 -832 1920 -832 0 7 0 0
w 2352 -736 2432 -736 0
w 2352 -768 2416 -768 0
w 2352 -800 2384 -800 0
w 2352 -832 2368 -832 0
164 2464 -832 2624 -832 1028 4 0 0 0 0 false 10
w 2032 -640 2032 -704 0
w 2032 -640 2224 -640 0
w 2224 -672 2064 -672 0
w 2064 -704 2064 -672 0
w 2096 -704 2224 -704 0
w 2160 -736 2224 -736 0
w 2160 -768 2224 -768 0
w 2160 -800 2224 -800 0
w 2160 -832 2224 -832 0
197 2224 -832 2240 -832 1024
157 2000 -832 2144 -832 1024 7 0 0
w 1616 -832 1664 -832 0
w 2000 -640 1792 -640 0
w 2000 -704 2000 -640 0
w 1968 -704 1968 -672 0
w 1792 -672 1968 -672 0
w 1792 -704 1936 -704 0
w 1792 -736 1872 -736 0
w 1792 -768 1872 -768 0
w 1792 -800 1872 -800 0
w 1792 -832 1872 -832 0
w 1616 -736 1664 -736 0
w 1616 -768 1664 -768 0
w 1616 -800 1664 -800 0
197 1664 -832 1680 -832 0
w 2384 -800 2384 -960 0
w 2416 -768 2416 -960 0
153 2400 -960 2400 -1056 0 4 5 5
R 2352 -448 2304 -448 1 2 1000 2.5 2.5 0 0.5
w 1792 -960 2960 -960 0
w 2560 -736 2960 -736 0
w 2960 -736 2960 -960 0
w 1792 -992 2128 -992 0
w 2304 -992 2304 -912 0
w 2304 -912 2672 -912 0
w 2672 -912 2672 -768 0
w 2672 -768 2560 -768 0
L 2960 -960 3024 -960 0 1 false 5 0
x 2987 -988 3067 -985 4 24 RESET
x 2708 -836 2810 -833 4 16 DIMINUIR\s\q\sH
w 2432 -880 2496 -880 0
w 2368 -880 2336 -880 0
w 2336 -880 2336 -1136 0
w 2496 -880 2496 -1168 0
150 2336 -1152 2192 -1152 0 2 0 5
w 2496 -1168 2336 -1168 0
w 2432 -880 2432 -960 0
w 2368 -880 2368 -960 0
184 2096 -1184 2128 -1184 1024 1
w 2096 -1184 1792 -1184 0
w 1792 -1184 1792 -1056 0
w 2400 -1056 2400 -1184 0
w 2400 -1184 2192 -1184 0
w 2128 -992 2304 -992 0
w 2128 -992 2128 -1088 0
w 1584 -800 1584 -592 0
w 1552 -768 1552 -560 0
150 1568 -544 1568 -448 0 2 0 5
184 2448 -560 2480 -560 0 3
w 1568 -448 1568 -352 0
w 1568 -352 2208 -352 0
w 2608 -560 2608 -832 0
w 2608 -832 2560 -832 0
w 1616 -736 1616 -432 0
w 1664 -832 1664 -464 0
w 1616 -432 1664 -432 0
w 1760 -448 1840 -448 0
150 1840 -432 1936 -432 0 2 5 5
x 2038 -383 2111 -380 4 12 DECIMAL\s\q\s0
153 2400 -704 2400 -592 0 4 5 5
w 2432 -704 2432 -736 0
w 2416 -704 2416 -768 0
w 2384 -800 2384 -704 0
w 2368 -704 2368 -832 0
w 2400 -592 2128 -592 0
w 2128 -592 2128 -432 0
150 2128 -416 2208 -416 0 2 5 5
w 2064 -400 2128 -400 0
w 1936 -432 2064 -432 0
w 2064 -432 2064 -400 0
x 2136 -459 2210 -456 4 12 UNIDADE\s\q\s0
x 2271 -207 2344 -204 4 12 DECIMAL\s\q\s6
w 2352 -448 2448 -528 0
w 2448 -432 2352 -448 0
w 2672 -768 2672 -272 0
153 1664 -448 1760 -448 0 2 5 5
w 1840 -416 1472 -416 0
153 1472 -528 1472 -416 0 2 5 5
w 1584 -592 1584 -544 0
w 1584 -592 1456 -592 0
w 1456 -528 1456 -592 0
w 1488 -560 1488 -528 0
w 1488 -560 1552 -560 0
w 1552 -560 1552 -544 0
x 2708 284 2808 287 4 16 DIMINUIR\s\q\sL
x 2711 -807 2826 -804 4 16 AUMENTAR\s\q\sL
w 2672 -272 2576 -272 0
w 2544 -272 2544 -240 0
w 2544 -240 2208 -240 0
w 2208 -240 2208 -352 0
w 2208 -416 2256 -416 0
w 2256 -416 2256 -272 0
w 2256 -272 2512 -272 0
w 2352 -448 2448 -560 0
w 2448 -368 2352 -448 0
