924	
409	
231	
963	
763	
671	
475	
408	
673	
945	
996	
442	
947	
327	
852	
191	
264	
772	
720	
269	
552	
867	
985	
790	
219	
858	
390	
359	
638	
957	
229	
845	
887	
330	
376	
454	
188	
589	
360	
97	
938	
754	
918	
625	
182	
45	
371	
367	
139	
371	
970	
899	
117	
769	
845	
909	
794	
532	
464	
97	
856	
249	
386	
205	
841	
783	
876	
24	
863	
663	
396	
973	
324	
827	
222	
600	
437	
829	
179	
236	
995	
777	
641	
717	
933	
369	
240	
696	
586	
40	
519	
869	
999	
832	
449	
893	
496	
595	
910	
670	
283	
711	
834	
358	
755	
683	
549	
854	
691	
531	
198	
654	
556	
19	
434	
304	
494	
483	
800	
117	
88	
448	
343	
830	
352	
837	
666	
878	
808	
250	
424	
836	
288	
204	
524	
470	
177	
949	
827	
764	
327	
115	
668	
3	
326	
676	
70	
797	
44	
28	
266	
673	
747	
722	
391	
865	
647	
711	
226	
561	
893	
640	
445	
872	
749	
924	
405	
305	
637	
369	
840	
836	
484	
925	
891	
914	
428	
821	
621	
780	
247	
800	
496	
834	
137	
832	
958	
780	
53	
497	
731	
211	
138	
755	
314	
677	
949	
717	
203	
445	
399	
943	
451	
846	
296	
181	
887	
363	
885	
290	
966	
812	
3	
402	
672	
498	
486	
679	
69	
708	
769	
741	
30	
870	
355	
701	
428	
225	
107	
303	
856	
260	
623	
816	
580	
860	
238	
915	
668	
66	
311	
175	
693	
710	
593	
866	
766	
420	
746	
878	
205	
746	
995	
123	
395	
714	
894	
674	
515	
869	
383	
862	
325	
758	
263	
919	
59	
868	
712	
930	
778	
488	
402	
558	
468	
272	
710	
648	
252	
173	
503	
971	
546	
605	
336	
543	
764	
382	
927	
168	
164	
487	
541	
341	
850	
801	
710	
589	
730	
999	
216	
332	
520	
122	
814	
470	
509	
48	
590	
482	
482	
250	
978	
547	
686	
120	
553	
675	
131	
241	
187	
732	
484	
361	
425	
101	
537	
259	
172	
44	
716	
684	
912	
135	
890	
21	
426	
587	
613	
548	
462	
931	
778	
3	
794	
304	
626	
297	
296	
625	
431	
670	
551	
957	
522	
641	
533	
447	
790	
467	
253	
111	
494	
201	
477	
405	
862	
649	
273	
828	
312	
73	
741	
771	
632	
881	
803	
66	
141	
251	
743	
457	
384	
19	
854	
657	
181	
138	
832	
104	
157	
576	
628	
824	
443	
15	
636	
127	
353	
189	
688	
624	
698	
70	
17	
453	
556	
17	
725	
922	
332	
784	
242	
920	
420	
915	
387	
348	
68	
359	
788	
27	
952	
75	
329	
381	
969	
118	
345	
26	
905	
748	
413	
714	
91	
983	
509	
726	
136	
707	
992	
975	
624	
261	
453	
808	
611	
782	
242	
31	
61	
678	
768	
783	
565	
997	
810	
799	
787	
17	
83	
554	
879	
755	
699	
493	
713	
973	
730	
579	
738	
181	
84	
935	
245	
671	
143	
394	
679	
655	
77	
430	
994	
142	
927	
160	
172	
53	
645	
700	
987	
281	
923	
594	
273	
853	
251	
717	
825	
410	
728	
234	
436	
195	
277	
100	
30	
595	
291	
426	
142	
710	
20	
142	
332	
817	
752	
629	
80	
253	
195	
419	
984	
219	
374	
588	
653	
484	
355	
351	
224	
418	
494	
537	
32	
594	
755	
396	
809	
736	
849	
955	
651	
307	
844	
239	
520	
630	
944	
162	
590	
804	
120	
542	
851	
43	
906	
397	
289	
987	
837	
271	
453	
909	
567	
700	
334	
728	
153	
276	
311	
849	
44	
350	
607	
710	
951	
676	
94	
542	
777	
357	
890	
735	
272	
83	
894	
475	
504	
619	
719	
819	
966	
722	
554	
660	
172	
974	
458	
338	
838	
606	
620	
336	
676	
346	
311	
1000	
280	
201	
870	
757	
15	
573	
119	
779	
787	
916	
135	
315	
705	
732	
825	
408	
879	
703	
562	
807	
465	
929	
860	
861	
4	
144	
280	
741	
986	
966	
985	
41	
836	
333	
576	
207	
751	
708	
648	
468	
432	
679	
107	
849	
843	
440	
190	
109	
950	
205	
624	
32	
646	
781	
220	
211	
772	
826	
287	
737	
145	
944	
495	
208	
869	
167	
849	
607	
538	
43	
548	
989	
907	
967	
760	
238	
307	
947	
841	
244	
521	
285	
551	
536	
430	
853	
328	
62	
74	
451	
121	
654	
853	
170	
393	
389	
650	
49	
540	
245	
832	
760	
625	
772	
684	
709	
478	
110	
380	
980	
346	
846	
206	
445	
22	
664	
225	
375	
474	
618	
664	
601	
221	
37	
93	
438	
611	
52	
660	
460	
228	
82	
700	
325	
836	
673	
517	
667	
780	
348	
969	
464	
611	
670	
659	
24	
490	
39	
160	
176	
910	
773	
861	
742	
583	
832	
497	
902	
568	
573	
808	
17	
431	
318	
656	
957	
87	
559	
653	
850	
427	
899	
324	
17	
227	
532	
345	
789	
626	
838	
390	
126	
371	
611	
411	
440	
45	
614	
358	
258	
240	
953	
353	
416	
449	
570	
103	
699	
436	
363	
604	
902	
528	
531	
110	
448	
872	
766	
237	
143	
944	
291	
299	
693	
808	
847	
259	
755	
481	
749	
704	
437	
389	
342	
524	
67	
993	
363	
693	
64	
184	
854	
212	
791	
297	
620	
406	
265	
616	
344	
837	
501	
945	
219	
558	
400	
562	
613	
77	
497	
951	
951	
775	
669	
911	
339	
505	
736	
460	
604	
412	
950	
979	
646	
276	
358	
333	
287	
212	
583	
218	
479	
61	
960	
846	
580	
926	
405	
590	
357	
717	
261	
271	
117	
917	
882	
753	
929	
171	
573	
780	
416	
532	
228	
137	
341	
901	
840	
83	
567	
319	
352	
205	
180	
931	
368	
636	
2	
957	
681	
567	
502	
410	
87	
787	
158	
656	
672	
80	
655	
957	
180	
613	
642	
702	
907	
84	
332	
881	
425	
696	
254	
440	
601	
98	
9	
415	
312	
512	
995	
240	
627	
769	
700	
69	
697	
217	
708	
439	
933	
131	
596	
824	
923	
447	
367	
305	
911	
526	
578	
511	
697	
153	
62	
386	
882	
940	
989	
323	
608	
993	
420	
623	
74	
736	
576	
994	
575	
99	
533	
96	
793	
648	
919	
468	
538	
932	
306	
401	
471	
735	
495
